6853.0194
3799.6702
1330.1412
1173.108
1015.4784
606.0034
480.0122
456.5933
310.2328
282.9247
242.9683
212.3369
201.1033
184.4047
156.1184
152.2173
139.3902
126.8044
112.4688
99.9001
89.5711
88.0134
82.2829
80.4718
77.8041
76.923
70.9164
67.089
63.3396
62.6125
58.1221
53.4143
49.1091
48.636
46.5059
45.415
44.2052
43.939
41.892
41.343
40.0465
38.4636
34.5861
33.7597
33.3986
31.6274
29.9
29.6716
29.1212
28.9518
28.2747
27.8657
27.2232
25.7317
24.3398
23.4953
23.0249
22.7572
22.1981
22.0614
21.9592
21.5157
21.5139
21.2818
21.058
19.2941
16.783
16.7464
16.2418
15.8782
15.4604
15.447
14.7906
14.4536
13.7963
13.5504
13.4603
13.0681
12.3232
11.6518
11.4774
11.0559
10.7499
10.7357
10.589
10.5434
10.4234
10.324
10.2017
10.1124
9.9923
9.9474
9.8631
9.8238
9.6489
9.6126
9.159
9.074
9.056
8.3035
8.2141
7.9894
7.6584
7.4874
7.3539
7.1487
7.0897
6.5872
6.4614
6.407
6.3758
6.3681
6.0645
6.052
5.9959
5.7929
5.5155
5.5086
5.4703
5.255
5.245
4.9755
4.9409
4.8449
4.701
4.6763
4.6229
4.621
4.6008
4.5162
4.4868
4.3174
4.2501
4.1259
4.1252
4.119
3.978
3.685
3.5453
3.5103
3.4106
3.205
3.0869
2.9869
2.9677
2.966
2.8472
2.7891
2.2179
2.1284
2.072
2.0293
2.0031
1.9195
1.8241
1.5651
1.5452
1.354
1.294
1.2911
1.2286
1.1546
1.1026
0.8759
0.8409
0.7734
0.7661
0.7484
0.7405
0.73
0.6998
0.6667
0.65
0.5679
0.559
0.5086
0.4975
0.4915
0.4866
0.4445
0.42
0.4067
0.3956
0.395
0.3145
0.3104
0.3089
0.29
0.2856
0.2523
0.2422
0.2286
0.2215
0.1913
0.19
0.1808
0.1758
0.1609
0.1225
0.1097
0.1078
0.1045
0.1042
0.0994
0.0883
0.0867
0.0728
0.0682
0.0664
0.0576
0.0502
0.049
0.049
0.0288
0.0249
0.0235
0.0114
0.0092
0.0076
0.0059
0.0051
0.0031
0.0021