0.0021
0.0031
0.0051
0.0059
0.0076
0.0092
0.0114
0.0235
0.0249
0.0288
0.049
0.049
0.0502
0.0576
0.0664
0.0682
0.0728
0.0867
0.0883
0.0994
0.1042
0.1045
0.1078
0.1097
0.1225
0.1609
0.1758
0.1808
0.19
0.1913
0.2215
0.2286
0.2422
0.2523
0.2856
0.29
0.3089
0.3104
0.3145
0.395
0.3956
0.4067
0.42
0.4445
0.4866
0.4915
0.4975
0.5086
0.559
0.5679
0.65
0.6667
0.6998
0.73
0.7405
0.7484
0.7661
0.7734
0.8409
0.8759
1.1026
1.1546
1.2286
1.2911
1.294
1.354
1.5452
1.5651
1.8241
1.9195
2.0031
2.0293
2.072
2.1284
2.2179
2.7891
2.8472
2.966
2.9677
2.9869
3.0869
3.205
3.4106
3.5103
3.5453
3.685
3.978
4.119
4.1252
4.1259
4.2501
4.3174
4.4868
4.5162
4.6008
4.621
4.6229
4.6763
4.701
4.8449
4.9409
4.9755
5.245
5.255
5.4703
5.5086
5.5155
5.7929
5.9959
6.052
6.0645
6.3681
6.3758
6.407
6.4614
6.5872
7.0897
7.1487
7.3539
7.4874
7.6584
7.9894
8.2141
8.3035
9.056
9.074
9.159
9.6126
9.6489
9.8238
9.8631
9.9474
9.9923
10.1124
10.2017
10.324
10.4234
10.5434
10.589
10.7357
10.7499
11.0559
11.4774
11.6518
12.3232
13.0681
13.4603
13.5504
13.7963
14.4536
14.7906
15.447
15.4604
15.8782
16.2418
16.7464
16.783
19.2941
21.058
21.2818
21.5139
21.5157
21.9592
22.0614
22.1981
22.7572
23.0249
23.4953
24.3398
25.7317
27.2232
27.8657
28.2747
28.9518
29.1212
29.6716
29.9
31.6274
33.3986
33.7597
34.5861
38.4636
40.0465
41.343
41.892
43.939
44.2052
45.415
46.5059
48.636
49.1091
53.4143
58.1221
62.6125
63.3396
67.089
70.9164
76.923
77.8041
80.4718
82.2829
88.0134
89.5711
99.9001
112.4688
126.8044
139.3902
152.2173
156.1184
184.4047
201.1033
212.3369
242.9683
282.9247
310.2328
456.5933
480.0122
606.0034
1015.4784
1173.108
1330.1412
3799.6702
6853.0194