456.5933
0.0682
33.7597
0.0576
112.4688
0.0059
310.2328
480.0122
0
0.0867
41.343
0.1045
0.3104
0.2856
0.3145
9.9474
201.1033
0.0502
16.7464
44.2052
4.5162
11.4774
0.0728
9.8238
14.7906
6.052
0.0031
0.1913
0.1078
0.4445
13.5504
0.7484
9.6489
7.9894
2.8472
0.42
0.0051
0.2286
5.9959
3.4106
6.3758
29.9
3.978
0.049
0.1609
0.1042
0.4866
1.2286
0.0235
3.5103
27.2232
0.1097
0.0249
606.0034
2.9869
8.2141
10.4234
4.621
7.1487
4.4868
1.1026
10.2017
5.5155
0.049
5.255
63.3396
82.2829
0.0288
10.7499
9.9923
0.3089
4.6229
58.1221
0.4975
2.072
0.4067
0.6667
16.783
4.6763
38.4636
10.7357
21.9592
9.159
5.4703
2.0031
46.5059
9.074
7.6584
77.8041
62.6125
282.9247
2.966
8.3035
9.6126
1.2911
4.6008
15.4604
5.5086
2.2179
3.5453
4.3174
139.3902
7.4874
4.9409
45.415
27.8657
212.3369
0.73
76.923
29.6716
7.3539
6.407
2.7891
4.1252
2.9677
4.119
0.8409
25.7317
22.1981
4.9755
23.4953
1015.4784
34.5861
13.0681
9.056
2.0293
16.2418
9.8631
19.2941
0.5086
4.8449
10.5434
0.7734
4.1259
70.9164
21.058
0.7405
80.4718
0.65
5.7929
88.0134
1.5452
1.8241
24.3398
10.324
1.5651
40.0465
1.9195
3.685
6.4614
21.2818
15.447
13.7963
3.205
1.294
31.6274
22.0614
2.1284
15.8782
152.2173
0.7661
11.0559
0.0076
0.1758
12.3232
0.0883
5.245
10.1124
49.1091
43.939
1.354
41.892
6.5872
10.589
33.3986
0.4915
13.4603
11.6518
3799.6702
29.1212
0.0664
21.5157
156.1184
0.6998
0.395
53.4143
14.4536
1330.1412
0.0114
0.8759
0.29
0.1808
7.0897
1173.108
242.9683
126.8044
0.0994
22.7572
48.636
6.3681
0.5679
28.2747
0.3956
3.0869
0.0092
28.9518
0.2523
4.2501
0.0021
184.4047
6.0645
99.9001
0.19
4.701
0.559
21.5139
23.0249
67.089
1.1546
0.1225
0.2422
0.2215
89.5711
6853.0194